base_color = 1.000000, 1.000000, 1.000000, 0.000000
metallic = 1.000000
roughness = 1.000000
