base_color = 0.800385, 0.000000, 0.000000, 1.000000
metallic = 0.000000
roughness = 0.500000
