base_color = 0.000000, 0.002274, 0.800331, 0.000000
metallic = 0.000000
roughness = 0.500000
