base_color = 0.0, 0.0, 1.0, 1.000000
metallic = 0.000000
roughness = 0.500000
