base_color = 1.000000, 1.002274, 1.800331, 1.000000
metallic = 0.000000
roughness = 0.500000
